2.220.132.54 CPALLEN-PC_9496e9729a76b2ddf0d362008b41740a
81.5.185.69 MAXFOOTE-SIAN_5928411e158c123c7912929e8ef82f4d
81.137.92.68 OFFICE_4ecea422c76a2a58da6e42c7c47f283c
81.137.92.67 OFFICE_4ecea422c76a2a58da6e42c7c47f283c
81.137.92.66 OFFICE_4ecea422c76a2a58da6e42c7c47f283c
81.137.92.65 OFFICE_4ecea422c76a2a58da6e42c7c47f283c
81.137.92.71 OFFICE_4ecea422c76a2a58da6e42c7c47f283c
51.52.81.84 SOV-W7-PC01_dc23b043d4f5edb6f616bd923c7fb518
46.9.112.254 TCS-WIN81_cbe71cc52934d814f93d1f148b71ac10
95.45.234.219 VBS2000-PC_65cc2b6a6233525912acc302af34c056
82.153.166.119 WHE-WS05_c6dfc47cdd298711f66192bb2de53b2e
